function [d_x, y ] = equations_system_whole(t, x, u, r, l, q, M, kb, ks, bl, varargin)

% Output equations
y =[(q*r*x(6))/(l*(1 - q^2/l^2)^(1/2))
 (bl*q*r*x(7))/(l*(1 - q^2/l^2)^(1/2)) - bl*x(9) - x(8)*(kb + ks) + (kb*q*r*x(6))/(l*(1 - q^2/l^2)^(1/2))]; 

% state equations
d_x = [(l*u*(1 - q^2/l^2)^(1/2))/(q*r) - x(7) - (502*x(1))/5
- (4627562966332473*x(2))/17592186044416 - x(4)
(7813*l*u*(1 - q^2/l^2)^(1/2))/(1000*q*r) - (4627562966332473*x(3))/17592186044416 - x(5) - (7813*x(7))/1000 - (7795581*x(1))/10000
- (12521012561024980060567674328247*x(2))/4242420514630998108930048 - (7754482786231216799744*x(4))/329255166357305375
(4522652180533984353792*l*u*(1 - q^2/l^2)^(1/2))/(24024001852245175*q*r) - (12521012561024980060567674328247*x(3))/4127292090977458031951872 - (2907931044836706299904*x(5))/120120009261225875 - (113069348946697711300096*x(7))/600600046306129375 - (2256284487916248450193152*x(1))/120120009261225875
x(7)
(4206619337684943125*x(5))/14018773254144 - x(7)*((80000*q*r*(bl + 5547489345286673/18446744073709551616))/(51*l*(1 - q^2/l^2)^(1/2)) + 3467180840804170625/7349874591868649472) + (80000*bl*x(9))/51 + (80000*kb*x(8))/51 - (80000*kb*q*r*x(6))/(51*l*(1 - q^2/l^2)^(1/2))
x(9)
(bl*q*r*x(7))/(M*l*(1 - q^2/l^2)^(1/2)) - (bl*x(9))/M - (x(8)*(kb + ks))/M + (kb*q*r*x(6))/(M*l*(1 - q^2/l^2)^(1/2))];      
end