function [d_x, y] = equations_system_v(t, x, u, c1_v, c2_v, c3_v, c4_v,...
    Kt, ba, Jt, varargin)

% Output equations
y = x(7); % angular velocity 

% state equations
d_x =[
u - x(7) - (c4_v*x(1))/c3_v;
- (4627562966332473*x(2))/17592186044416 - x(4);
(c1_v*u)/c3_v - x(5) - (x(1)*(c1_v*c4_v - c2_v*c3_v))/c3_v^2 - ...
(4627562966332473*x(3))/17592186044416 - (c1_v*x(7))/c3_v;
- (12521012561024980060567674328247*x(2))/4242420514630998108930048 - ...
(7754482786231216799744*x(4))/329255166357305375;
(23154497276508303360*c1_v*u)/(960960074089807*c3_v) -... 
(2907931044836706299904*x(5))/120120009261225875 - ...
x(7)*((23154497276508303360*c1_v)/(960960074089807*c3_v)...
+ 169/(10000*Lq)) - (23154497276508303360*x(1)*(c1_v*c4_v...
- c2_v*c3_v))/(960960074089807*c3_v^2) - ...
(12521012561024980060567674328247*x(3))/4127292090977458031951872;
x(7);
(Kt*x(5))/Jt - 1/Jt - (ba*x(7))/Jt];
end