function [d_x, y] = GSSApos(t, x, u, l, r, q, b2, k, M, varargin)

% Output equations
y = x(6); % angular velocity 

% state equations
d_x = [
(35*l*u*(1 - q^2/l^2)^(1/2))/(q*r) - 35*x(6) - x(7) - (502*x(1))/5
- (308612243098121*x(2))/549755813888 - x(4)
(54691*l*u*(1 - q^2/l^2)^(1/2))/(200*q*r) - (308612243098121*x(3))/549755813888 - x(5) - (54691*x(6))/200 - (7813*x(7))/1000 - (7795581*x(1))/10000
- (298004008272864060205204032729777595703869995*x(2))/2722258935367507707706996859454145691648 - (29754672303577112496014785988499*x(4))/4951760157141521099596496896
(319321661679343633837046978357597061*l*u*(1 - q^2/l^2)^(1/2))/(198070406285660843983859875840*q*r) - (298004008272864060205204032729777595703869995*x(3))/2722258935367507707706996859454145691648 - (29754672303577112496014785988499*x(5))/4951760157141521099596496896 - (319321661679343633837046978357597061*x(6))/198070406285660843983859875840 - (39456778695285188789213240155614250315958435051*x(7))/856605545901290813460525582846515373670400 - (45515676778188720711104944517231260251*x(1))/9903520314283042199192993792000
x(7)
(641024356561406918656*x(5))/139881660310939525 - x(7)*(b2/M + 2262722278056309/5867062073688148934656) - (k*q*r*x(6))/(M*l*(1 - q^2/l^2)^(1/2)) - 4527/6727];                                                                                                                                                                                                                                                                                                                                                                        
end