function [d_x, y] = GSSA_for(t, x, u, l, r, q, k, d, m, varargin)

% Output equations
y = x7*(m*(r + r^2/(l*(1 - q^2/l^2)^(1/2)) - (q^2*r^2)/(l^3*(1 - q^2/l^2)^(3/2)) + (562740750*q*r)/(3500879*l*(1 - q^2/l^2)^(1/2))) + (d*q*r)/(l*(1 - q^2/l^2)^(1/2))) + (k*q*r*x6)/(l*(1 - q^2/l^2)^(1/2)) - (420475000*m*q*r*x5)/(3500879*l*(1 - q^2/l^2)^(1/2)); % angular velocity 

% state equations
d_x = [ 
u + (3846680572388285*x(1))/4398046511104 - x(7);
- (4833527002884683*x(2))/35184372088832 - x(4);
(1203*u)/1250 + (260793400860535*x(1))/274877906944 - (4833527002884683*x(3))/35184372088832 - x(5) - (1203*x(7))/1250;
(770230180834667*x(2))/536870912 - (4665751539252521*x4)/549755813888;
(8620210303992783*u)/1099511627776 + (8298871745198955*x(1))/1073741824 + (749328107062381*x(3))/536870912 - (4539134996168049*x(5))/549755813888 - (8993200001357707*x(7))/1099511627776;
x(7);
(2448538646278543*x(5))/2199023255552 - (409623780905753*x(7))/274877906944];
end